307, -251, -427, 158, 430, -228, 44, 378, 423, 209, -60, -335, -8, -458, 487,
3, -173, 229, 340, 112, -197, -331, 209, -343, 60, 433, -401, -222, 316, -165,
-403, 326, 12, -233, 310, 133, 479, -351, 79, 321, 467, 172, -107, -164, -15,
245, -272, -409, -306, -143, -499, -347, 208, 444, 168, -10, -376, -304, 30, 403,
222, 166, 49, -476, 301, 353, 477, -92, -272, 433, -202, 481, 135, -487, 365,
314, -437, 36, -75, 169, -385, -406, 129, 1, 17, -305, -395, -96, -49, -202,
-312, -377, 5, 382, 252, 66, 216, -163, -62, -356, 1, 397, 371, 328, -363,
-142, -323, -103, -206, 404, 109, -269, 245, -325, 135, -202, -358, -101, 468, -88,
-240, 57, 94, -492, -105, 468, -387, 30, -494, 462, 442, -135, -418, 352, 267,
321, 195, 212, 171, 401, 90, 331, 238, -443, 116, 290, 140, 179, -165, -494,
472, -402, -405, -181, -46, -277, -211, 260, 405, -374, -377, 6, 313, 270, -262,
-406, -280, 344, -134, 34, -274, -106, -137, 238, 344, 90, 50, -341, 123, 447,
-115, -283, -228, 39, -253, -115, -4, 385, 123, -80, -356, 468, 235, 415, 125,
34, -458, -489, 179, -348, -256, -205, 318, -104, 192, 315, 491, -467, 169, -103,
53, 47, 325, -290, 162, -289, 308, -123, 261, 125, -165, 368, 495, 276, 267,
-61, 374, -169, 56, -199, 372, 60, -406, 484, 255, 289, -93, -485, -307, 269,
180, -45, 355, 6, 463, 2, 176, -392, -251, -169, 344, 138, 308, 497, 151,
349, -297, 231, 31, -486, -81, 275, -491, -320, 429, -277, -446, -240, 237, 45,
-183, 25, -300, -244, 64, 97, 148, 204, 50, -350, 476, -88, 54, 297, 4,
-119, 248, -435, -122, 199, -291, -371, 53, -17, -53, 107, 273, -178, -195, -324,
-447, -276, 130, -134, -100, -56, -130, -215, -484, 398, -345, -367, 57, 76, -322,
-234, -143, 211, 378, 114, 319, 237, -367, 91, 220, 262, 133, -303, -469, 88,
89, 373, 377, -196, -142, -300, -246, 460, 415, 447, -20, 230, 455, 46, -393,
-262, -500, 426, -465, 357, -387, -386, 93, -140, -146, -82, -143, 85, 229, -485,
63, -398, 417, 143, -81, 467, 247, -231, -105, -197, -27, -397, 248, -115, 158,
-41, -94, 430, 324, -368, 473, 103, 397, 420, 450, -269, -20, -297, 400, 20,
33, -242, -497, 176, 450, 434, 280, 379, 332, 74, 49, 42, -251, 271, -190,
379, 483, 470, -460, 223, 150, 471, -271, -182, 246, -201, -270, 121, 276, -376,
-256, 458, 196, 271, -436, 60, 98, 251, 440, 3, 51, 301, -295, -420, -82,
-226, 149, -87, -180, -475, -488, 283, 288, -383, -492, 50, -176, -305, -243, 11,
190, 166, -90, 93, 53, 65, 460, 242, -97, -148, -193, -359, 410, -300, 299,
-373, -329, 287, -86, 125, 141, 17, -152, 342, -185, 474, -55, -127, -280, 411,
-261, -446, -195, 429, -247, -311, -334, -144, -196, 360, 398, 92, 220, -384, 80,
367, -148, 439, 198, 401, 311, 116, 391, 171, 228, 171, 161, -455, -380, -260,
-342, -47, 127, -150, 211, 63, 94, 33, 227, 327, 295, 31, -58, 16, -494,
15, 424, 101, -403, 161, -397, -176, -392, 436, -219, -485, 210, -284, 405, 473,
281, 220, 291, -331, 365, 327, 36, 228, -375, -116, -333, 449, -24, -454, 76,
166, -33, 20, -116, 491, -290, -242, -289, 244, 18, 218, 434, 325, 267, 189,
318, -486, 325, 418, -472, -471, -466, 227, -260, 254, 40, -104, 435, -417, -452,
365, -489, -248, -436, 376, -263, 175, -255, 210, -85, -308, 210, 247, -463, -201,
-53, 215, 193, 79, -371, -336, 479, 1, 25, -211, 458, -467, 300, -411, 170,
-283, 346, -462, 43, -162, 436, -179, 219, -4, -253, 288, -141, 487, -465, -265,
412, 184, 489, 284, 234, 167, 19, 115, -455, 476, 161, 325, 319, 131, 403,
198, 298, 139, -496, 3, 179, 265, -109, -393, 424, -135, -379, -46, -394, -50,
203, 332, -468, -359, 154, 477, -283, 400, -211, -35, 247, 122, 379, -183, 16,
-452, 262, -471, -461, 208, 403, 157, 261, 252, -34, 121, 57, 496, 455, 430,
-6, 55, -279, -188, -207, -73, -268, -56, 291, -302, -348, 356, 70, -197, -61,
414, 299, 266, 335, 421, -457, 252, -414, 219, -350, -90, 123, 169, 105, 443,
-189, -69, 492, 316, 199, 471, 139, -130, 336, 391, 357, 333, -172, -323, -90,
183, -324, -11, -409, -66, 211, 404, -474, 391, 290, 22, -136, 390, 384, 313,
-59, -373, -321, 284, 37, 370, 61, 81, -335, 302, 232, -168, 354, 259, 347,
-123, -38, -490, 319, -350, -123, 441, 336, 220, -201, -388, 259, 456, -110, -348,
-452, -486, -456, 418, -350, -399, -205, 321, 231, 1, -255, 461, -443, 10, 428,
305, -327, -363, 169, -404, 3, -79, 175, 18, -200, -11, -238, -446, -237, 143,
389, -250, 235, -85, -136, -6, 463, 258, 152, -408, -184, 214, -80, -440, -50,
-132, 241, 347, -304, 287, 1, -266, -372, 71, -52, 375, -247, 371, -171, -207,
219, -29, 320, 264, -421, 130, -90, -420, -387, -158, -362, -118, -456, 328, -107,
75, 480, -500, 96, 447, -130, -413, 43, 233, 352, -239, 324, -100, -120, 278,
357, -77, -2, -486, 345, 162, 9, 110, 349, -282, -210, -445, 243, 55, -115,
34, -225, -179, -349, -274, -249, -41, 283, 214, -63, 379, 198, -400, -363, -215,
378, -216, -158, 415, 460, -433, -360, 207, 66, 228, 62, -137, 469, 390, 123,
-222, -187, 261, -490, 340, 478, -500, -106, 7, 156, 51, 286, -69, 44, 239,
276, 84, -248, -392, 14, -46, -481, -472, 171, -130, 163, 447, -476, 43, 354,
-492, 481, 52, -212, -337, -141, -481, -121, -144, -39, -13, -147, 399, 288, -256,
380, -34, -217, -226, -264, 409, 67, 334, 439, 184, 151, 49, -234, -33, -390,
89, -173, 273, 81, -205, 436, 374, -65, -269, 472, -472, 298, -430, 87, -203,
-411, 146, -410, -389, 112, -37, -388, 281, 451, -270